23
[한글,영어]
사람 : 24
[(1, 1), (2, 2), (3, 2), (7, 8), (10, 10), (11, 11), (12, 12), (14, 14), (15, 15), (16, 16), (17, 17), (19, 19), (20, 20), (21, 21), (22, 22), (23, 23), (25, 25), (26, 26), (27, 27), (29, 29), (30, 30), (31, 31), (33, 33), (34, 34)]
기계 : 11
[(1, 1), (5, 6), (15, 15), (16, 16), (17, 17), (18, 18), (19, 19), (20, 20), (21, 21), (33, 33), (34, 34)]
교집합 : 9
[(1, 1), (15, 15), (16, 16), (17, 17), (19, 19), (20, 20), (21, 21), (33, 33), (34, 34)]
precision : 0.8181818181818182
recall : 0.375
score : 0.2571428571428571
