36
[한글,영어]
사람 : 24
[(1, 1), (2, 2), (3, 3), (4, 4), (5, 5), (6, 6), (8, 8), (9, 9), (10, 10), (11, 10), (13, 12), (15, 13), (16, 14), (17, 15), (18, 16), (20, 17), (21, 18), (23, 20), (24, 21), (25, 22), (26, 23), (27, 23), (30, 27), (31, 28)]
기계 : 12
[(1, 1), (2, 2), (3, 3), (4, 4), (5, 5), (6, 6), (7, 7), (8, 8), (9, 9), (13, 12), (20, 17), (30, 27)]
교집합 : 11
[(1, 1), (2, 2), (3, 3), (4, 4), (5, 5), (6, 6), (8, 8), (9, 9), (13, 12), (20, 17), (30, 27)]
precision : 0.9166666666666666
recall : 0.4583333333333333
score : 0.3055555555555555
