7
[한글,영어]
사람 : 26
[(1, 1), (2, 2), (3, 3), (4, 4), (5, 5), (7, 7), (8, 8), (9, 9), (10, 10), (12, 11), (13, 12), (14, 12), (16, 14), (17, 15), (18, 16), (19, 17), (22, 19), (23, 20), (24, 20), (26, 22), (28, 23), (29, 24), (31, 26), (32, 27), (33, 27), (34, 28)]
기계 : 12
[(9, 9), (10, 10), (14, 12), (15, 13), (16, 14), (17, 15), (18, 16), (19, 17), (20, 18), (21, 19), (24, 20), (34, 28)]
교집합 : 9
[(9, 9), (10, 10), (14, 12), (16, 14), (17, 15), (18, 16), (19, 17), (24, 20), (34, 28)]
precision : 0.75
recall : 0.34615384615384615
score : 0.23684210526315785
