11
[한글,영어]
사람 : 30
[(1, 1), (3, 3), (4, 3), (5, 4), (6, 5), (7, 7), (11, 11), (12, 11), (13, 12), (14, 13), (16, 15), (18, 17), (19, 17), (20, 17), (22, 20), (23, 21), (25, 23), (26, 24), (28, 25), (34, 27), (35, 28), (36, 28), (39, 31), (40, 32), (41, 34), (42, 35), (43, 36), (44, 38), (45, 39), (46, 40)]
기계 : 11
[(5, 4), (6, 5), (16, 15), (17, 16), (23, 21), (24, 22), (25, 23), (26, 24), (34, 27), (37, 31), (41, 34)]
교집합 : 8
[(5, 4), (6, 5), (16, 15), (23, 21), (25, 23), (26, 24), (34, 27), (41, 34)]
precision : 0.7272727272727273
recall : 0.26666666666666666
score : 0.1951219512195122
