30
[한글,영어]
사람 : 25
[(1, 1), (2, 2), (3, 3), (4, 4), (5, 5), (6, 6), (7, 7), (8, 9), (9, 10), (11, 11), (12, 12), (13, 13), (14, 14), (15, 15), (17, 16), (19, 19), (20, 20), (21, 21), (22, 22), (23, 22), (25, 24), (26, 25), (27, 26), (28, 27), (29, 28)]
기계 : 16
[(2, 2), (3, 3), (6, 6), (8, 9), (9, 10), (11, 11), (13, 12), (14, 13), (17, 16), (19, 19), (20, 20), (21, 21), (22, 22), (25, 24), (27, 25), (29, 28)]
교집합 : 13
[(2, 2), (3, 3), (6, 6), (8, 9), (9, 10), (11, 11), (17, 16), (19, 19), (20, 20), (21, 21), (22, 22), (25, 24), (29, 28)]
precision : 0.8125
recall : 0.52
score : 0.3170731707317073
