26
[한글,영어]
사람 : 27
[(1, 1), (2, 2), (4, 4), (6, 5), (8, 6), (9, 7), (13, 9), (14, 10), (15, 10), (16, 11), (17, 12), (18, 13), (20, 16), (21, 17), (22, 18), (24, 19), (25, 20), (26, 20), (28, 21), (29, 22), (31, 24), (33, 27), (34, 27), (36, 29), (37, 30), (38, 31), (39, 31)]
기계 : 12
[(2, 1), (6, 5), (8, 6), (9, 7), (11, 8), (16, 13), (24, 22), (27, 24), (28, 25), (29, 26), (32, 27), (35, 31)]
교집합 : 3
[(6, 5), (8, 6), (9, 7)]
precision : 0.25
recall : 0.1111111111111111
score : 0.07692307692307691
