2
[한글,영어]
사람 : 33
[(1, 1), (3, 4), (6, 6), (7, 7), (8, 8), (10, 10), (12, 12), (13, 13), (14, 14), (16, 16), (17, 17), (18, 18), (19, 19), (20, 20), (21, 20), (23, 22), (24, 23), (25, 25), (27, 28), (28, 29), (29, 30), (31, 32), (32, 33), (33, 34), (34, 35), (35, 36), (36, 37), (38, 39), (39, 39), (40, 41), (41, 42), (43, 44), (44, 45)]
기계 : 18
[(8, 8), (9, 9), (10, 10), (11, 11), (27, 28), (28, 29), (29, 30), (30, 31), (31, 32), (32, 33), (33, 34), (34, 35), (35, 36), (36, 37), (37, 38), (38, 39), (39, 40), (40, 41)]
교집합 : 13
[(8, 8), (10, 10), (27, 28), (28, 29), (29, 30), (31, 32), (32, 33), (33, 34), (34, 35), (35, 36), (36, 37), (38, 39), (40, 41)]
precision : 0.7222222222222222
recall : 0.3939393939393939
score : 0.2549019607843137
