10
[한글,영어]
사람 : 17
[(1, 1), (2, 2), (4, 3), (5, 4), (7, 6), (8, 7), (10, 9), (11, 10), (13, 12), (14, 13), (18, 17), (22, 22), (23, 23), (24, 24), (27, 27), (30, 31), (31, 32)]
기계 : 18
[(1, 1), (2, 2), (4, 3), (5, 4), (6, 5), (7, 6), (14, 13), (15, 15), (18, 17), (20, 20), (21, 21), (22, 22), (23, 23), (24, 24), (25, 25), (26, 26), (27, 27), (28, 28)]
교집합 : 11
[(1, 1), (2, 2), (4, 3), (5, 4), (7, 6), (14, 13), (18, 17), (22, 22), (23, 23), (24, 24), (27, 27)]
precision : 0.6111111111111112
recall : 0.6470588235294118
score : 0.31428571428571433
