13
[한글,영어]
사람 : 40
[(1, 1), (8, 6), (9, 7), (10, 7), (13, 9), (14, 10), (15, 11), (16, 11), (17, 12), (18, 13), (19, 14), (20, 16), (21, 16), (22, 17), (24, 18), (25, 19), (26, 19), (27, 20), (31, 22), (32, 23), (33, 24), (34, 25), (35, 26), (36, 27), (37, 28), (39, 29), (40, 30), (41, 31), (42, 32), (44, 34), (45, 35), (47, 36), (48, 37), (51, 38), (52, 39), (55, 41), (57, 44), (58, 45), (62, 46), (64, 47)]
기계 : 2
[(41, 31), (57, 44)]
교집합 : 2
[(41, 31), (57, 44)]
precision : 1.0
recall : 0.05
score : 0.047619047619047616
