8
[한글,영어]
사람 : 24
[(1, 1), (2, 2), (3, 3), (4, 5), (5, 6), (6, 7), (9, 8), (10, 9), (11, 10), (14, 12), (15, 13), (16, 14), (17, 15), (19, 17), (20, 18), (21, 19), (22, 20), (25, 25), (26, 26), (27, 27), (28, 29), (29, 30), (30, 31), (31, 32)]
기계 : 13
[(1, 1), (2, 2), (11, 10), (15, 13), (16, 14), (17, 15), (18, 16), (19, 17), (20, 18), (21, 25), (25, 26), (27, 27), (28, 29)]
교집합 : 10
[(1, 1), (2, 2), (11, 10), (15, 13), (16, 14), (17, 15), (19, 17), (20, 18), (27, 27), (28, 29)]
precision : 0.7692307692307693
recall : 0.4166666666666667
score : 0.2702702702702703
