25
[한글,영어]
사람 : 22
[(1, 1), (2, 2), (5, 6), (8, 7), (9, 8), (10, 9), (12, 10), (13, 12), (14, 13), (15, 14), (18, 18), (19, 19), (20, 19), (21, 20), (22, 21), (23, 22), (24, 23), (25, 24), (27, 26), (28, 27), (29, 28), (30, 29)]
기계 : 13
[(1, 1), (2, 2), (7, 8), (12, 10), (14, 13), (15, 15), (16, 16), (18, 18), (20, 19), (22, 21), (24, 22), (25, 24), (28, 27)]
교집합 : 9
[(1, 1), (2, 2), (12, 10), (14, 13), (18, 18), (20, 19), (22, 21), (25, 24), (28, 27)]
precision : 0.6923076923076923
recall : 0.4090909090909091
score : 0.2571428571428571
