10
[한글,영어]
사람 : 17
[(1, 1), (2, 2), (4, 3), (5, 4), (7, 6), (8, 7), (10, 9), (11, 10), (13, 12), (14, 13), (18, 17), (22, 22), (23, 23), (24, 24), (27, 27), (30, 31), (31, 32)]
기계 : 17
[(1, 1), (2, 2), (4, 3), (5, 4), (6, 5), (7, 6), (14, 13), (15, 15), (18, 17), (19, 18), (20, 19), (24, 24), (25, 25), (26, 26), (27, 27), (28, 28), (31, 32)]
교집합 : 10
[(1, 1), (2, 2), (4, 3), (5, 4), (7, 6), (14, 13), (18, 17), (24, 24), (27, 27), (31, 32)]
precision : 0.5882352941176471
recall : 0.5882352941176471
score : 0.29411764705882354
