16
[한글,영어]
사람 : 23
[(1, 1), (3, 4), (4, 5), (5, 6), (9, 8), (10, 9), (11, 10), (12, 11), (13, 12), (15, 13), (16, 14), (17, 15), (18, 16), (19, 16), (20, 18), (21, 19), (22, 20), (23, 21), (25, 23), (26, 24), (27, 25), (28, 26), (29, 27)]
기계 : 15
[(2, 1), (6, 7), (17, 15), (18, 16), (19, 17), (20, 18), (21, 19), (22, 20), (23, 21), (24, 22), (25, 23), (26, 24), (27, 25), (28, 26), (29, 27)]
교집합 : 11
[(17, 15), (18, 16), (20, 18), (21, 19), (22, 20), (23, 21), (25, 23), (26, 24), (27, 25), (28, 26), (29, 27)]
precision : 0.7333333333333333
recall : 0.4782608695652174
score : 0.2894736842105263
