26
[한글,영어]
사람 : 27
[(1, 1), (2, 2), (4, 4), (6, 5), (8, 6), (9, 7), (13, 9), (14, 10), (15, 10), (16, 11), (17, 12), (18, 13), (20, 16), (21, 17), (22, 18), (24, 19), (25, 20), (26, 20), (28, 21), (29, 22), (31, 24), (33, 27), (34, 27), (36, 29), (37, 30), (38, 31), (39, 31)]
기계 : 20
[(1, 1), (2, 5), (8, 6), (9, 7), (11, 8), (12, 9), (13, 10), (14, 11), (15, 12), (16, 13), (17, 14), (18, 16), (23, 20), (24, 22), (27, 24), (30, 25), (32, 26), (34, 27), (35, 29), (36, 31)]
교집합 : 4
[(1, 1), (8, 6), (9, 7), (34, 27)]
precision : 0.2
recall : 0.14814814814814814
score : 0.0851063829787234
