1
[한글,영어]
사람 : 28
[(1, 1), (4, 6), (5, 7), (6, 8), (7, 9), (8, 10), (9, 11), (10, 12), (11, 13), (12, 14), (16, 17), (17, 18), (19, 20), (20, 21), (21, 22), (22, 23), (23, 24), (25, 26), (26, 27), (27, 28), (28, 30), (29, 31), (30, 32), (31, 33), (33, 35), (34, 36), (35, 37), (36, 38)]
기계 : 8
[(1, 1), (12, 14), (20, 21), (21, 22), (25, 26), (27, 30), (29, 31), (33, 32)]
교집합 : 6
[(1, 1), (12, 14), (20, 21), (21, 22), (25, 26), (29, 31)]
precision : 0.75
recall : 0.21428571428571427
score : 0.16666666666666666
