11
[한글,영어]
사람 : 30
[(1, 1), (3, 3), (4, 3), (5, 4), (6, 5), (7, 7), (11, 11), (12, 11), (13, 12), (14, 13), (16, 15), (18, 17), (19, 17), (20, 17), (22, 20), (23, 21), (25, 23), (26, 24), (28, 25), (34, 27), (35, 28), (36, 28), (39, 31), (40, 32), (41, 34), (42, 35), (43, 36), (44, 38), (45, 39), (46, 40)]
기계 : 23
[(1, 1), (2, 2), (3, 3), (5, 4), (6, 5), (7, 7), (8, 8), (10, 9), (11, 10), (12, 11), (13, 12), (14, 13), (15, 14), (16, 15), (17, 16), (23, 21), (24, 22), (25, 23), (26, 24), (34, 27), (38, 29), (39, 31), (41, 34)]
교집합 : 15
[(1, 1), (3, 3), (5, 4), (6, 5), (7, 7), (12, 11), (13, 12), (14, 13), (16, 15), (23, 21), (25, 23), (26, 24), (34, 27), (39, 31), (41, 34)]
precision : 0.6521739130434783
recall : 0.5
score : 0.2830188679245283
