12
[한글,영어]
사람 : 35
[(1, 1), (3, 3), (4, 4), (5, 6), (6, 7), (7, 8), (8, 9), (9, 10), (10, 11), (11, 13), (12, 14), (13, 15), (14, 16), (16, 18), (17, 19), (18, 20), (19, 21), (20, 22), (21, 22), (22, 23), (23, 24), (25, 25), (26, 27), (27, 28), (28, 29), (29, 30), (31, 32), (32, 32), (33, 33), (34, 33), (35, 34), (41, 36), (42, 37), (43, 38), (44, 39)]
기계 : 4
[(3, 3), (11, 13), (31, 32), (42, 37)]
교집합 : 4
[(3, 3), (11, 13), (31, 32), (42, 37)]
precision : 1.0
recall : 0.11428571428571428
score : 0.10256410256410256
