22
[한글,영어]
사람 : 22
[(1, 1), (2, 2), (3, 3), (4, 3), (5, 4), (8, 6), (9, 7), (10, 9), (11, 9), (13, 10), (15, 12), (16, 12), (17, 14), (18, 15), (19, 15), (20, 16), (22, 19), (23, 19), (24, 15), (25, 21), (26, 22), (28, 23)]
기계 : 13
[(1, 1), (2, 2), (11, 9), (13, 10), (14, 11), (15, 12), (16, 13), (17, 14), (20, 16), (21, 17), (22, 18), (23, 19), (24, 20)]
교집합 : 8
[(1, 1), (2, 2), (11, 9), (13, 10), (15, 12), (17, 14), (20, 16), (23, 19)]
precision : 0.6153846153846154
recall : 0.36363636363636365
score : 0.2285714285714286
