25
[한글,영어]
사람 : 22
[(1, 1), (2, 2), (5, 6), (8, 7), (9, 8), (10, 9), (12, 10), (13, 12), (14, 13), (15, 14), (18, 18), (19, 19), (20, 19), (21, 20), (22, 21), (23, 22), (24, 23), (25, 24), (27, 26), (28, 27), (29, 28), (30, 29)]
기계 : 17
[(1, 1), (2, 2), (7, 8), (12, 10), (14, 13), (15, 15), (16, 16), (17, 17), (18, 18), (20, 19), (21, 20), (22, 21), (24, 22), (25, 24), (26, 25), (27, 26), (28, 27)]
교집합 : 11
[(1, 1), (2, 2), (12, 10), (14, 13), (18, 18), (20, 19), (21, 20), (22, 21), (25, 24), (27, 26), (28, 27)]
precision : 0.6470588235294118
recall : 0.5
score : 0.2820512820512821
